 13  15  1
 33  42  0
 10  18  0
 16  17  1
 3   11  0
 10  11  1
 3   11  0
 3   11  0
 0   9   0
 1   9   0
 6   14  0
 21  30  0
 2   11  0
 5   14  0
 9   18  0
 8   17  0
 12  17  1
 11  19  1
 3   12  0
 8   17  0
 6   14  0
 2   10  0
 4   13  0
 13  22  0
 1   10  0
 26  27  1
 13  17  1
 3   12  0
 3   11  1
 7   14  1
 19  27  1
 5   14  0
 21  24  1
 7   15  0
 3   4   0
 3   11  0
 9   10  1
 4   13  0
 6   15  0
 4   13  0
 9   10  1
 11  13  1
 13  16  1
 5   14  0
 1   9   0
 6   14  0
 3   11  0
 16  17  1
 20  21  1
 15  24  0
 6   14  1
 14  20  1
 11  16  1
 21  23  1
 10  19  0
 7   10  1
 9   17  1
 14  19  1
 1   10  0
 0   9   0
 4   6   1
 7   16  0
 4   13  0
 7   16  0
 4   9   1
 12  19  1
 7   16  0
 5   14  0
 0   9   0
 18  21  1
 11  19  0
 14  22  0
 22  31  0
